Model: CNN

📊 Classification Report:
                                               precision    recall  f1-score   support

                           Apple___Apple_scab       0.91      1.00      0.95       126
                            Apple___Black_rot       0.99      0.97      0.98       125
                     Apple___Cedar_apple_rust       0.95      0.98      0.96        55
                              Apple___healthy       0.99      0.98      0.99       329
                    Background_without_leaves       0.97      0.97      0.97       229
                          Blueberry___healthy       1.00      0.99      0.99       301
                      Cherry___Powdery_mildew       0.98      1.00      0.99       211
                             Cherry___healthy       0.97      1.00      0.99       171
   Corn___Cercospora_leaf_spot Gray_leaf_spot       0.91      0.86      0.89       103
                           Corn___Common_rust       0.99      0.99      0.99       239
                  Corn___Northern_Leaf_Blight       0.94      0.95      0.95       197
                               Corn___healthy       1.00      0.98      0.99       233
                            Grape___Black_rot       0.97      0.95      0.96       236
                 Grape___Esca_(Black_Measles)       0.98      0.97      0.98       277
   Grape___Leaf_blight_(Isariopsis_Leaf_Spot)       0.95      1.00      0.97       216
                              Grape___healthy       0.98      0.98      0.98        85
     Orange___Haunglongbing_(Citrus_greening)       0.99      1.00      1.00      1102
                       Peach___Bacterial_spot       0.99      0.98      0.99       460
                              Peach___healthy       0.91      0.99      0.95        72
                Pepper,_bell___Bacterial_spot       0.98      0.97      0.98       200
                       Pepper,_bell___healthy       0.99      0.98      0.98       296
                        Potato___Early_blight       0.97      1.00      0.99       200
                         Potato___Late_blight       0.99      0.99      0.99       200
                             Potato___healthy       0.97      0.90      0.93        31
                          Raspberry___healthy       1.00      0.91      0.95        75
                            Soybean___healthy       0.99      0.99      0.99      1018
                      Squash___Powdery_mildew       0.99      1.00      1.00       367
                     Strawberry___Leaf_scorch       0.96      0.99      0.97       222
                         Strawberry___healthy       0.96      0.98      0.97        92
                      Tomato___Bacterial_spot       0.98      0.94      0.96       426
                        Tomato___Early_blight       0.90      0.91      0.90       200
                         Tomato___Late_blight       0.98      0.95      0.96       382
                           Tomato___Leaf_Mold       0.98      0.96      0.97       191
                  Tomato___Septoria_leaf_spot       0.97      0.97      0.97       355
Tomato___Spider_mites Two-spotted_spider_mite       0.98      0.94      0.96       336
                         Tomato___Target_Spot       0.91      0.96      0.93       281
       Tomato___Tomato_Yellow_Leaf_Curl_Virus       1.00      0.99      0.99      1072
                 Tomato___Tomato_mosaic_virus       0.97      1.00      0.99        75
                             Tomato___healthy       0.99      0.99      0.99       319

                                     accuracy                           0.98     11105
                                    macro avg       0.97      0.97      0.97     11105
                                 weighted avg       0.98      0.98      0.98     11105


🎯 Accuracy: 0.9783

🧮 Confusion Matrix:
126 0 0 0 0 0 0 0 0 0 0 0 0 0 0 0 0 0 0 0 0 0 0 0 0 0 0 0 0 0 0 0 0 0 0 0 0 0 0
2 121 0 0 0 0 0 0 0 0 0 0 0 0 0 0 0 0 1 0 0 0 0 0 0 0 0 0 0 0 0 0 0 1 0 0 0 0 0
0 0 54 0 1 0 0 0 0 0 0 0 0 0 0 0 0 0 0 0 0 0 0 0 0 0 0 0 0 0 0 0 0 0 0 0 0 0 0
0 0 0 322 0 0 1 0 0 0 0 0 0 0 0 0 0 0 5 0 0 0 0 0 0 0 0 0 0 0 1 0 0 0 0 0 0 0 0
0 0 0 0 222 0 0 0 0 0 0 0 0 1 0 0 0 0 0 0 0 0 0 0 0 0 0 4 0 0 0 1 0 1 0 0 0 0 0
0 0 0 0 0 298 1 0 0 0 0 0 0 0 0 0 0 0 0 0 0 0 0 0 0 0 0 0 0 0 0 1 0 1 0 0 0 0 0
0 0 0 0 0 0 211 0 0 0 0 0 0 0 0 0 0 0 0 0 0 0 0 0 0 0 0 0 0 0 0 0 0 0 0 0 0 0 0
0 0 0 0 0 0 0 171 0 0 0 0 0 0 0 0 0 0 0 0 0 0 0 0 0 0 0 0 0 0 0 0 0 0 0 0 0 0 0
0 0 0 0 0 0 0 0 89 1 11 1 0 0 1 0 0 0 0 0 0 0 0 0 0 0 0 0 0 0 0 0 0 0 0 0 0 0 0
0 0 0 0 0 0 0 1 0 237 0 0 0 0 0 0 0 0 0 0 0 0 0 0 0 0 0 1 0 0 0 0 0 0 0 0 0 0 0
0 0 0 0 1 0 0 0 9 0 187 0 0 0 0 0 0 0 0 0 0 0 0 0 0 0 0 0 0 0 0 0 0 0 0 0 0 0 0
0 0 0 0 4 0 0 0 0 0 0 228 0 0 0 0 0 0 0 0 0 0 0 0 0 0 0 0 0 0 0 1 0 0 0 0 0 0 0
0 0 0 0 0 0 0 0 0 0 0 0 225 4 5 0 0 0 0 0 0 0 0 0 0 0 0 1 0 0 0 0 0 0 0 1 0 0 0
0 0 0 0 0 0 0 0 0 0 0 0 4 270 1 0 0 0 0 0 0 0 0 0 0 0 0 1 0 0 1 0 0 0 0 0 0 0 0
0 0 0 0 0 0 0 0 0 0 0 0 0 0 216 0 0 0 0 0 0 0 0 0 0 0 0 0 0 0 0 0 0 0 0 0 0 0 0
0 0 0 0 0 0 0 0 0 0 0 0 0 0 0 83 0 0 0 0 0 0 0 0 0 2 0 0 0 0 0 0 0 0 0 0 0 0 0
0 0 0 0 0 0 0 0 0 0 0 0 0 0 0 0 1102 0 0 0 0 0 0 0 0 0 0 0 0 0 0 0 0 0 0 0 0 0 0
3 0 0 0 0 0 0 0 0 0 0 0 0 0 0 0 0 453 1 0 0 1 0 0 0 0 0 1 0 0 0 0 0 0 0 0 1 0 0
0 0 0 0 0 0 0 0 0 0 0 0 0 0 0 0 0 1 71 0 0 0 0 0 0 0 0 0 0 0 0 0 0 0 0 0 0 0 0
0 1 0 0 0 0 0 0 0 0 0 0 0 0 0 0 0 0 0 195 1 0 0 0 0 0 0 0 0 0 0 0 0 2 0 0 1 0 0
0 0 0 0 0 0 0 1 0 0 0 0 0 0 0 0 2 0 0 0 289 0 0 0 0 4 0 0 0 0 0 0 0 0 0 0 0 0 0
0 0 0 0 0 0 0 0 0 0 0 0 0 0 0 0 0 0 0 0 0 200 0 0 0 0 0 0 0 0 0 0 0 0 0 0 0 0 0
0 0 0 0 0 0 0 0 0 0 0 0 0 0 0 0 0 0 0 0 0 0 199 0 0 0 0 0 0 1 0 0 0 0 0 0 0 0 0
0 0 0 0 0 0 0 1 0 0 0 0 0 0 0 0 0 0 0 0 0 0 0 28 0 1 0 0 0 0 0 0 0 0 1 0 0 0 0
0 0 0 0 0 0 0 0 0 0 0 0 0 0 0 2 0 0 0 0 0 0 0 0 68 0 0 0 4 0 0 0 0 0 1 0 0 0 0
0 0 0 2 0 1 0 1 0 0 0 0 0 0 0 0 0 0 0 0 1 0 0 1 0 1012 0 0 0 0 0 0 0 0 0 0 0 0 0
1 0 0 0 0 0 0 0 0 0 0 0 0 0 0 0 0 0 0 0 0 0 0 0 0 0 366 0 0 0 0 0 0 0 0 0 0 0 0
0 0 0 0 1 0 0 0 0 0 0 0 0 0 0 0 0 0 0 0 0 0 0 0 0 0 2 219 0 0 0 0 0 0 0 0 0 0 0
1 0 0 0 0 0 0 1 0 0 0 0 0 0 0 0 0 0 0 0 0 0 0 0 0 0 0 0 90 0 0 0 0 0 0 0 0 0 0
3 0 3 0 0 0 2 0 0 0 0 0 0 0 1 0 5 1 0 0 0 0 0 0 0 0 0 0 0 402 2 1 0 1 0 1 3 0 1
0 0 0 0 1 0 0 0 0 0 0 0 1 0 4 0 0 0 0 1 0 0 0 0 0 0 0 0 0 2 181 4 0 2 0 3 0 1 0
1 0 0 0 0 0 1 0 0 1 0 0 0 0 0 0 0 0 0 1 0 4 2 0 0 0 0 0 0 1 6 361 0 1 0 2 0 0 1
0 0 0 0 0 0 0 0 0 0 0 0 0 0 0 0 0 3 0 0 0 0 0 0 0 0 0 0 0 0 1 1 183 2 0 1 0 0 0
0 0 0 0 0 0 0 0 0 0 0 0 2 0 0 0 0 0 0 2 0 1 0 0 0 0 0 1 0 0 1 0 1 346 0 1 0 0 0
0 0 0 0 0 0 0 0 0 0 0 0 0 0 0 0 0 0 0 0 0 0 0 0 0 1 0 0 0 0 0 0 0 0 317 17 0 1 0
1 0 0 0 0 0 0 0 0 0 0 0 0 0 0 0 0 0 0 0 0 0 0 0 0 0 0 0 0 0 6 0 0 1 4 269 0 0 0
0 0 0 0 0 0 0 0 0 0 0 0 0 0 0 0 3 0 0 0 0 0 0 0 0 0 0 0 0 4 2 0 1 0 1 0 1061 0 0
0 0 0 0 0 0 0 0 0 0 0 0 0 0 0 0 0 0 0 0 0 0 0 0 0 0 0 0 0 0 0 0 0 0 0 0 0 75 0
0 0 0 0 0 0 0 0 0 0 0 0 0 0 0 0 0 0 0 0 0 0 0 0 0 0 0 0 0 0 0 0 1 0 0 1 0 0 317
